6 0.289062 0.212891 0.050781 0.097656
6 0.163086 0.489258 0.099609 0.146484
6 0.141602 0.848633 0.123047 0.208984
6 0.291992 0.041992 0.228516 0.064453
6 0.313477 0.620117 0.029297 0.119141
6 0.259766 0.861328 0.054688 0.125000
6 0.397461 0.788086 0.115234 0.107422
6 0.384766 0.330078 0.058594 0.109375
6 0.372070 0.967773 0.111328 0.064453
6 0.503906 0.497070 0.062500 0.111328
6 0.537109 0.605469 0.066406 0.113281
6 0.599609 0.349609 0.105469 0.148438
6 0.653320 0.102539 0.181641 0.181641
6 0.949219 0.258789 0.078125 0.267578
